name: ml_workshop
channels:
- defaults
dependencies:
- backports=1.0=py35he88aa47_1
- backports.weakref=1.0rc1=py35_0
- bleach=1.5.0=py35_0
- bokeh=0.12.13=py35h047fa9f_0
- ca-certificates=2017.08.26=h94faf87_0
- certifi=2017.11.5=py35h456c6ae_0
- click=6.7=py35h10df73f_0
- cloudpickle=0.5.2=py35hd830302_0
- cycler=0.10.0=py35hcc71164_0
- dask=0.16.1=py35_0
- dask-core=0.16.1=py35_0
- decorator=4.2.1=py35_0
- distributed=1.20.2=py35_0
- freetype=2.8=h51f8f2c_1
- h5py=2.7.1=py35hd8ea038_0
- hdf5=1.8.18=hcf527f2_1
- heapdict=1.0.0=py35h3d1311d_0
- html5lib=0.9999999=py35_0
- icc_rt=2017.0.4=h97af966_0
- icu=58.2=ha66f8fd_1
- imageio=2.2.0=py35hcd4b9a4_0
- intel-openmp=2018.0.0=hd92c6cd_8
- jinja2=2.10=py35hdf652bb_0
- jpeg=9b=hb83a4c4_2
- libpng=1.6.34=h79bbb47_0
- libprotobuf=3.4.1=h3dba5dd_0
- libtiff=4.0.9=h0f13578_0
- locket=0.2.0=py35h0dfcdd0_1
- markdown=2.6.9=py35_0
- markupsafe=1.0=py35hc253e08_1
- matplotlib=2.1.2=py35h016c42a_0
- mkl=2018.0.1=h2108138_4
- msgpack-python=0.5.1=py35he980bc4_0
- networkx=2.1=py35_0
- numpy=1.14.0=py35h4a99626_1
- olefile=0.44=py35h7ba86d0_0
- openssl=1.0.2n=h74b6da3_0
- pandas=0.22.0=py35h6538335_0
- partd=0.3.8=py35h894d1e4_0
- pillow=5.0.0=py35h0738816_0
- pip=9.0.1=py35h691316f_4
- protobuf=3.4.1=py35h58370bd_0
- psutil=5.4.3=py35hfa6e2cd_0
- pyparsing=2.2.0=py35hcabcaab_1
- pyqt=5.6.0=py35hd46907b_5
- python=3.5.4=h1357f44_23
- python-dateutil=2.6.1=py35h6b299a3_1
- pytz=2017.3=py35hb294b1a_0
- pywavelets=0.5.2=py35h7c47ace_0
- pyyaml=3.12=py35h4bf9689_1
- qt=5.6.2=vc14h6f8c307_12
- scikit-image=0.13.1=py35hfa6e2cd_1
- scikit-learn=0.19.1=py35h2037775_0
- scipy=1.0.0=py35h75710e8_0
- setuptools=38.4.0=py35_0
- sip=4.18.1=py35h01cbaa7_2
- six=1.11.0=py35hc1da2df_1
- sortedcontainers=1.5.9=py35_0
- sqlite=3.21.0=h9d3ae62_0
- tblib=1.3.2=py35hd2cf7e1_0
- tensorflow=1.2.1=py35_0
- tk=8.6.7=hcb92d03_3
- toolz=0.9.0=py35_0
- tornado=4.5.3=py35_0
- vc=14=h0510ff6_3
- vs2015_runtime=14.0.25420=0
- werkzeug=0.14.1=py35_0
- wheel=0.30.0=py35h38a90bc_1
- wincertstore=0.2=py35hfebbdb8_0
- yaml=0.1.7=hc54c509_2
- zict=0.1.3=py35hf5542e0_0
- zlib=1.2.11=h8395fce_2
- pip:
  - keras==2.1.3
  - opencv-python==3.4.0.12
prefix: C:\Users\humay\AppData\Local\conda\conda\envs\ml_workshop

